     0/299     39.4G   0.06105   0.01276   0.01575   0.08956         7       640    0.2297    0.2916    0.1538   0.03002   0.07064   0.01673   0.01717
     1/299     39.4G   0.05419  0.009012   0.01501   0.07822         5       640   0.00141   0.05632 0.0002761  4.39e-05    0.1088   0.01142   0.01858
     2/299     39.4G   0.05458  0.007451   0.01444   0.07647         4       640    0.3954    0.4153     0.297    0.1095   0.08048     0.014   0.01575
     3/299     39.4G    0.0546  0.006561    0.0139   0.07506         8       640    0.2285    0.4043    0.1765   0.06262   0.08593   0.01457   0.01642
     4/299     39.4G   0.05642  0.006854   0.01401   0.07728         4       640   0.02292    0.0246  0.003781 0.0007957     0.114   0.01542   0.01749
     5/299     39.4G    0.0588     0.007   0.01372   0.07952         5       640     0.131    0.1978   0.05496   0.01468   0.09593    0.0143   0.01625
     6/299     39.4G   0.05801   0.00693   0.01293   0.07787         5       640   0.01581   0.01448  0.001372 0.0004083    0.1028    0.0179   0.01564
     7/299     39.4G   0.06255  0.007147   0.01322   0.08292         7       640   0.02114    0.1527  0.009348  0.002734    0.1064   0.07448   0.03028
     8/299     39.4G   0.05753  0.006498   0.01258   0.07661         6       640    0.4941    0.5543    0.4216    0.2409    0.0828   0.01151   0.01751
     9/299     39.4G    0.0564  0.006544   0.01204   0.07499         7       640    0.4543    0.5182    0.4239    0.2129     0.089   0.01314   0.01644
    10/299     39.4G   0.05689  0.006082   0.01118   0.07415         2       640    0.4254     0.516    0.3793    0.2259    0.0907   0.01146   0.01926
    11/299     39.4G   0.05107  0.005753   0.01125   0.06808         7       640    0.5246    0.6104    0.5229    0.3237   0.08626    0.0103   0.01709
    12/299     39.4G   0.05361  0.005543   0.01153   0.07068         5       640    0.6573    0.5651    0.5982    0.3875    0.0845   0.01039    0.0147
    13/299     39.4G   0.04552  0.005541  0.009731   0.06079         2       640    0.5475    0.5802    0.5563    0.3483   0.08102   0.01039   0.01533
    14/299     39.4G   0.04641  0.005346   0.00959   0.06135         3       640    0.5845     0.629    0.6106    0.3889   0.08069   0.01037   0.01765
    15/299     39.4G    0.0438  0.005277  0.008628   0.05771         6       640    0.5729    0.5884    0.6142    0.3833   0.07984  0.009921   0.01861
    16/299     39.4G   0.04362  0.005077  0.008352   0.05705         3       640    0.4522    0.5837     0.476    0.3169   0.07208   0.01065   0.01858
    17/299     39.4G   0.04552  0.005159  0.008657   0.05934         3       640    0.6302    0.6257    0.6231    0.4044   0.06959   0.01047   0.01954
    18/299     39.4G   0.04482  0.005038  0.008687   0.05855         6       640    0.5236    0.7007    0.5968    0.3834   0.07808  0.009548   0.01654
    19/299     39.4G   0.04347  0.004993   0.00824    0.0567         6       640    0.5617    0.6985    0.6332    0.4216   0.07974  0.009356   0.01799
    20/299     39.4G   0.04106  0.004792  0.007819   0.05367         4       640    0.5384    0.7174    0.6467    0.4359    0.0817  0.009021   0.01563
    21/299     39.4G    0.0461  0.004679  0.008318    0.0591         3       640    0.5888    0.7124    0.6453    0.4336   0.07598   0.01004   0.01567
    22/299     39.4G   0.03817   0.00467   0.00721   0.05005         5       640     0.653    0.6851    0.7051    0.4845   0.07326   0.01026    0.0164
    23/299     39.4G   0.04215  0.004687  0.007204   0.05404         6       640    0.6641    0.7124    0.6923    0.4656   0.07328   0.01055   0.01539
    24/299     39.4G    0.0413  0.004447  0.007411   0.05316         2       640    0.6124    0.7479    0.6784    0.4713   0.07385   0.01072   0.01634
    25/299     39.4G   0.04356   0.00468  0.008016   0.05626         1       640    0.6232    0.6805    0.6615    0.4527   0.06267   0.01206   0.01607
    26/299     39.4G    0.0414  0.004676  0.007647   0.05372         2       640    0.6318    0.6555    0.6646    0.4615   0.06318   0.01091   0.01647
    27/299     39.4G   0.04199  0.004652  0.007535   0.05418         5       640    0.4571    0.6193    0.4436    0.2532   0.07919   0.01243   0.01779
    28/299     39.4G   0.04342  0.004943  0.008171   0.05654         5       640    0.6006    0.6181     0.611    0.3934   0.07112   0.01163   0.01594
    29/299     39.4G   0.04238  0.005076   0.00811   0.05556         6       640    0.6527     0.667    0.6787     0.466   0.06778   0.01088   0.01714
    30/299     39.4G   0.03956  0.004677  0.006922   0.05115         1       640    0.6501    0.6712    0.6881    0.4842   0.06833   0.01063   0.01564
    31/299     39.4G   0.04472   0.00464  0.007816   0.05718         7       640     0.571    0.7743    0.6825    0.4608   0.06672   0.01098   0.01584
    32/299     39.4G   0.04218  0.004583  0.007535    0.0543         6       640    0.6416    0.7356    0.7205    0.4928   0.06567   0.01137    0.0151
    33/299     39.4G   0.04212  0.004571  0.006985   0.05368         5       640    0.6734    0.7177    0.7313    0.5137   0.06871   0.01041   0.01533
    34/299     39.4G   0.04022  0.004469  0.006586   0.05127         5       640    0.6452    0.6425      0.71    0.4976   0.06388   0.01047   0.01548
    35/299     39.4G   0.03917  0.004435  0.007614   0.05122         4       640    0.6437    0.6756    0.7207    0.4941   0.07284   0.01009   0.01613
    36/299     39.4G    0.0383   0.00445  0.006935   0.04969         2       640    0.6617    0.6899    0.7236    0.5043   0.06806   0.01052   0.01606
    37/299     39.4G   0.03968  0.004427  0.007107   0.05121         5       640    0.6524    0.6967    0.6883    0.4794   0.07058   0.01012    0.0172
    38/299     39.4G   0.04016  0.004407  0.006939   0.05151         6       640    0.5635    0.7361    0.6345    0.4393   0.06577   0.01066   0.01645
    39/299     39.4G   0.04285  0.004365   0.00711   0.05432         2       640    0.6109    0.6713    0.6601    0.4521   0.07095   0.01076   0.01663
    40/299     39.4G   0.03998  0.004505  0.006446   0.05093         3       640    0.5986    0.6623    0.6283     0.432   0.06854    0.0105   0.01675
    41/299     39.4G   0.03988  0.004334  0.007226   0.05144         3       640    0.5904    0.7547    0.6987    0.5015   0.07068  0.009885   0.01613
    42/299     39.4G   0.03892  0.004438   0.00698   0.05034         4       640    0.7334    0.6459    0.7076     0.504   0.06869   0.01031   0.01516
    43/299     39.4G   0.04007  0.004232   0.00722   0.05153         4       640    0.6631    0.6538    0.6755    0.4565   0.07474   0.01118   0.01512
    44/299     39.4G   0.03683  0.004166  0.006438   0.04743         5       640    0.6465    0.7362    0.7285    0.5099   0.07221   0.01016   0.01536
    45/299     39.4G   0.03861  0.004177  0.006648   0.04943         2       640    0.6691    0.6963    0.6878    0.4645   0.07425   0.01035   0.01626
    46/299     39.4G   0.03875  0.004277  0.006585   0.04961         6       640    0.5684    0.7023    0.6084    0.4075   0.07198   0.01066   0.01851
    47/299     39.4G   0.04006  0.004223  0.006977   0.05126         3       640    0.6725    0.6917    0.7161    0.4917   0.07187  0.009632    0.0157
    48/299     39.4G    0.0376  0.004229  0.006495   0.04833         5       640    0.6765    0.7397    0.7209    0.5079   0.06752  0.009406   0.01567
    49/299     39.4G   0.03771  0.004173  0.006414   0.04829         6       640    0.5959    0.7089    0.6614    0.4619   0.07379   0.01026   0.01743
    50/299     39.4G   0.03942  0.004163  0.006641   0.05022         6       640    0.5854    0.7512    0.6656    0.4677   0.06713  0.009525   0.01683
    51/299     39.4G    0.0388  0.004186  0.007387   0.05037         7       640    0.6021     0.752     0.686     0.481   0.06662  0.009904    0.0159
    52/299     39.4G   0.03914  0.004097  0.006201   0.04944         6       640    0.5909     0.691    0.6716    0.4634   0.06518   0.01042   0.01643
    53/299     39.4G   0.03569  0.004269  0.006563   0.04652         4       640    0.5804    0.6931    0.6674    0.4685   0.06497   0.01053    0.0171
    54/299     39.4G   0.03888  0.004263  0.006754   0.04989         5       640    0.5641    0.7882    0.6803    0.4696   0.06706   0.01055   0.01608
    55/299     39.4G   0.04026     0.004  0.006665   0.05092         4       640    0.6297    0.7411    0.7052    0.4938    0.0751   0.01041   0.01569
    56/299     39.4G   0.04133  0.004019  0.006509   0.05186         3       640    0.6539    0.6525    0.6721    0.4682   0.06531   0.01066   0.01753
    57/299     39.4G   0.04049  0.004117  0.006386   0.05099         5       640    0.5601    0.7326    0.6769    0.4847    0.0648   0.01042   0.01728
    58/299     39.4G   0.03928   0.00401  0.006042   0.04933         4       640    0.6289    0.6638    0.7058    0.5116   0.06349   0.01029   0.01621
    59/299     39.4G   0.04093  0.004205  0.006796   0.05193         9       640    0.7517    0.6895    0.7497    0.5364   0.06277    0.0102   0.01538
    60/299     39.4G   0.04074  0.004163  0.007484   0.05239         5       640    0.6215    0.7197    0.6939    0.4864   0.07026   0.01102   0.01551
    61/299     39.4G   0.04107  0.004315  0.007108   0.05249         7       640    0.6906    0.6806    0.7084    0.4935    0.0709   0.01106   0.01597
    62/299     39.4G   0.03803  0.004206  0.008968   0.05121         3       640    0.6167    0.6495    0.6367    0.4542   0.06283   0.01041     0.017
    63/299     39.4G   0.03411   0.00408  0.006732   0.04492         3       640    0.6294    0.7227    0.7053    0.5032    0.0631   0.01041   0.01591
    64/299     39.4G   0.04129    0.0044  0.007343   0.05304         5       640     0.549    0.7566    0.6719    0.4649   0.06101   0.01145   0.01591
    65/299     39.4G   0.04161  0.004175  0.006944   0.05273         6       640    0.5958    0.7329    0.6864     0.479   0.05974   0.01041   0.01647
    66/299     39.4G   0.03776  0.004109  0.006788   0.04866         5       640    0.6372    0.6617    0.6773    0.4757   0.06343   0.01053   0.01714
    67/299     39.4G   0.03667  0.004054  0.006537   0.04726         8       640    0.6302    0.7838    0.7288    0.5107   0.06418   0.01063   0.01565
    68/299     39.4G   0.03753  0.004123  0.006875   0.04852         3       640     0.665    0.6973     0.699     0.497   0.05756   0.01158   0.01658
    69/299     39.4G   0.03691  0.004108  0.006087   0.04711         5       640    0.6665    0.7488    0.7488    0.5301   0.05686   0.01176   0.01568
    70/299     39.4G    0.0348  0.004012  0.006257   0.04507         4       640    0.6629     0.707    0.7226     0.515   0.05975   0.01145   0.01551
    71/299     39.4G   0.03704  0.003939  0.006211   0.04719         7       640     0.643    0.7699    0.7283    0.5107   0.06043   0.01122   0.01571
    72/299     39.4G   0.03583  0.003949  0.006827   0.04661         4       640    0.5428    0.8125    0.6721     0.468   0.06662   0.01093   0.01666
    73/299     39.4G   0.03628  0.004024  0.006547   0.04685         8       640    0.6531    0.7295    0.7073    0.4985   0.06591   0.01103   0.01664
    74/299     39.4G   0.03603  0.003885   0.00603   0.04595         2       640    0.6236    0.7577    0.7215    0.5115   0.06282   0.01121   0.01581
    75/299     39.4G   0.03563  0.003926  0.006809   0.04637         6       640    0.6158    0.7318    0.7197    0.5148   0.06177   0.01136    0.0161
    76/299     39.4G   0.03548  0.003812  0.006079   0.04537         1       640     0.667    0.7343     0.702    0.4943   0.06262   0.01124     0.016
    77/299     39.4G   0.03615  0.003937   0.00648   0.04657         3       640    0.6491     0.716    0.7094    0.5005   0.06353   0.01122   0.01621
    78/299     39.4G   0.03622  0.003905  0.006142   0.04627         5       640    0.6428    0.7396     0.727    0.5075   0.06578   0.01103   0.01567
    79/299     39.4G   0.03407  0.004013  0.005888   0.04397         5       640    0.6423    0.6924     0.698     0.484    0.0634   0.01131   0.01718
    80/299     39.4G   0.03363  0.003911  0.005664    0.0432         3       640    0.6058    0.7047     0.678    0.4734   0.06769   0.01078    0.0179
    81/299     39.4G   0.03581  0.003833  0.005912   0.04555         4       640     0.646    0.7426    0.7148    0.5102   0.06355    0.0112   0.01653
    82/299     39.4G   0.03707  0.004225  0.006579   0.04788         3       640    0.6399    0.7328    0.7191    0.5084   0.06757   0.01177   0.01566
    83/299     39.4G   0.03794   0.00417  0.006345   0.04846         5       640    0.6695    0.6528    0.6753    0.4673   0.07012   0.01253   0.01931
    84/299     39.4G   0.03903  0.004733  0.007364   0.05112         3       640    0.6536    0.7024    0.7066     0.494   0.06292   0.01207   0.01544
    85/299     39.4G   0.03426  0.004171  0.006111   0.04454         5       640    0.6579    0.7576    0.7445    0.5291   0.06444   0.01144   0.01502
    86/299     39.4G   0.03812   0.00414  0.006496   0.04875         8       640     0.633    0.7168    0.7082    0.4988   0.05758   0.01174   0.01749
    87/299     39.4G   0.03524   0.00392   0.00593   0.04509         3       640    0.6533    0.7508    0.7349    0.5322   0.05846   0.01154   0.01649
    88/299     39.4G   0.03565  0.003982  0.006543   0.04617         7       640    0.6837    0.7393    0.7444    0.5337   0.05733   0.01163   0.01503
    89/299     39.4G   0.03668  0.003914  0.006102   0.04669         6       640    0.6658    0.7198    0.7128     0.511   0.05935   0.01162   0.01643
    90/299     39.4G   0.03577  0.003933  0.006069   0.04578         5       640    0.6895    0.6709    0.7151    0.5169   0.06066   0.01158   0.01708
    91/299     39.4G   0.03238  0.003943  0.005887   0.04221         4       640    0.6572    0.7359    0.7317    0.5334   0.06154   0.01116   0.01592
    92/299     39.4G   0.03208  0.003879  0.005291   0.04125        10       640     0.682    0.7269    0.7107    0.5128   0.06048   0.01137    0.0159
    93/299     39.4G    0.0341  0.003818  0.005359   0.04328         3       640    0.6411    0.7459    0.7245    0.5168    0.0578   0.01178   0.01611
    94/299     39.4G   0.03374  0.003939  0.005572   0.04325         5       640    0.6746    0.7263    0.7223    0.5143   0.05702    0.0115    0.0161
    95/299     39.4G    0.0348  0.003785  0.005381   0.04397         5       640    0.6571    0.7398    0.6995    0.4976   0.05987   0.01156   0.01635
    96/299     39.4G   0.03298   0.00387  0.005514   0.04236         6       640    0.6644    0.7312    0.7195     0.519   0.05642   0.01157   0.01564
    97/299     39.4G   0.03444   0.00379  0.005895   0.04413         3       640    0.5864    0.7631    0.7031    0.5063   0.05617   0.01149   0.01718
    98/299     39.4G   0.03419    0.0038  0.006201   0.04419         5       640    0.6824    0.6665    0.7046    0.5111   0.05735   0.01143   0.01728
    99/299     39.4G   0.03345  0.003815   0.00562   0.04288         4       640    0.6118    0.7617    0.7046    0.5034   0.05899   0.01184   0.01668
   100/299     39.4G   0.03261   0.00376  0.005901   0.04227         7       640     0.577    0.7599    0.7055    0.5073   0.05965   0.01186   0.01739
   101/299     39.4G   0.03344  0.003746  0.005786   0.04297         6       640    0.6199    0.7801    0.7349    0.5277   0.05813   0.01174   0.01598
   102/299     39.4G   0.03208  0.003721  0.006152   0.04195         7       640    0.6734    0.6675    0.7182    0.5154   0.05909    0.0116   0.01636
   103/299     39.4G   0.03288  0.003725  0.005468   0.04207         5       640    0.6767    0.7264    0.7057    0.5083   0.05923   0.01147   0.01695
   104/299     39.4G   0.03411  0.003727  0.005779   0.04361         4       640     0.668    0.7342    0.7166    0.5159   0.05733   0.01152   0.01621
   105/299     39.4G   0.03281  0.003769  0.005516   0.04209         3       640    0.6445     0.723    0.7128    0.5151   0.05918   0.01171   0.01738
   106/299     39.4G   0.03369  0.003696  0.005626   0.04301         5       640    0.6559    0.7169    0.7184    0.5173   0.05563   0.01173   0.01736
   107/299     39.4G   0.03217  0.003682  0.006139   0.04199         3       640    0.7213     0.713     0.738    0.5341   0.05653   0.01187   0.01559
   108/299     39.4G   0.03317  0.003777  0.005441   0.04239         6       640    0.6399    0.7373    0.7049    0.5049   0.05402   0.01178   0.01749
   109/299     39.4G   0.03477  0.003678  0.005543   0.04399         5       640     0.671    0.6815    0.6682    0.4777   0.05178   0.01183   0.01729
   110/299     39.4G   0.03158  0.003581  0.005095   0.04025         2       640     0.627    0.7166    0.6983    0.5036   0.05326   0.01196     0.018
   111/299     39.4G   0.03316  0.003681  0.005805   0.04264         4       640    0.6709    0.7039    0.7039    0.5016   0.05349   0.01152   0.01766
   112/299     39.4G   0.03238  0.003671  0.005635   0.04169         5       640    0.7257     0.722    0.7264    0.5185   0.05478   0.01176   0.01665
   113/299     39.4G   0.03425  0.003641  0.005654   0.04354         3       640    0.7046    0.6906    0.7282    0.5197    0.0562   0.01179   0.01633
   114/299     39.4G   0.03241  0.003594  0.005433   0.04143         3       640    0.6321    0.7071    0.6777    0.4776   0.05327   0.01221   0.01739
   115/299     39.4G    0.0313  0.003631  0.005013   0.03994         3       640    0.6213    0.7266    0.7051    0.5003   0.05817   0.01206   0.01732
   116/299     39.4G    0.0325  0.003583  0.004936   0.04102         9       640    0.6221    0.6924    0.6669    0.4767   0.05567    0.0122    0.0189
   117/299     39.4G   0.03152  0.003644  0.005551   0.04072         7       640    0.6174    0.7153    0.6687    0.4821   0.05245   0.01177   0.01774
   118/299     39.4G   0.03151  0.003702  0.005228   0.04044         6       640    0.6001    0.7335    0.6923       0.5   0.05329    0.0117   0.01849
   119/299     39.4G   0.03436  0.003682  0.005713   0.04375         3       640    0.6228    0.7136    0.6746    0.4809   0.05521    0.0118   0.01795
   120/299     39.4G   0.03298  0.003594   0.00603    0.0426         2       640     0.635    0.7446    0.7055     0.511   0.05581   0.01206   0.01735
   121/299     39.4G   0.03306  0.003643  0.005306     0.042         4       640    0.6163     0.707      0.69    0.4963   0.05719   0.01164   0.01831
   122/299     39.4G   0.03203  0.003542  0.005477   0.04105         7       640    0.6212    0.7345    0.6987    0.5019   0.05629   0.01186   0.01805
   123/299     39.4G   0.03109   0.00359  0.005177   0.03985         4       640    0.6847    0.7042    0.7022    0.5123   0.05574   0.01195    0.0174
   124/299     39.4G   0.03049  0.003601  0.005798   0.03988         4       640    0.6966    0.7218    0.7217     0.518   0.05387   0.01202   0.01749
   125/299     39.4G   0.03133  0.003639  0.005723   0.04069         4       640    0.7273    0.7027    0.7395     0.536   0.05451   0.01159   0.01664
   126/299     39.4G   0.03188  0.003576   0.00536   0.04082         4       640    0.6429    0.7282    0.7081     0.516   0.05576   0.01192   0.01784
   127/299     39.4G   0.03103  0.003566  0.005351   0.03995         3       640    0.6223     0.704    0.6767    0.4871   0.05572   0.01196   0.01864
   128/299     39.4G   0.03167  0.003514  0.005492   0.04068         4       640    0.6349    0.6837    0.6949    0.5016   0.05322   0.01211   0.01844
   129/299     39.4G   0.03054  0.003625  0.005835      0.04         2       640    0.6516    0.7199     0.709    0.5154   0.05261   0.01198   0.01821
   130/299     39.4G   0.03175  0.003516  0.005202   0.04047         2       640     0.662    0.7357    0.7183    0.5158   0.05214   0.01236    0.0166
   131/299     39.4G   0.03056  0.003519  0.005541   0.03962         1       640    0.6599    0.7378    0.7159      0.52   0.05238   0.01248   0.01774
   132/299     39.4G   0.03091  0.003544  0.005086   0.03954         4       640     0.662    0.7052    0.6957    0.5057    0.0532   0.01206   0.01873
   133/299     39.4G   0.03186  0.003474  0.004969    0.0403         2       640     0.622    0.7547     0.688    0.5012   0.05261     0.012   0.01794
   134/299     39.4G   0.03021  0.003656  0.005013   0.03888         8       640    0.6693    0.7212    0.7101    0.5148   0.05474   0.01195    0.0171
   135/299     39.4G   0.03054  0.003552  0.005011   0.03911         4       640     0.678    0.6954    0.6976    0.4978   0.05659    0.0122   0.01746
   136/299     39.4G   0.03048  0.003526  0.005347   0.03935         5       640    0.6821     0.732     0.719    0.5138   0.05434   0.01216   0.01758
   137/299     39.4G   0.03127  0.003554  0.004602   0.03942         3       640    0.6416    0.7556    0.7132    0.5162   0.05233   0.01225   0.01686
   138/299     39.4G   0.03036   0.00359  0.005103   0.03906         4       640    0.6566    0.7207    0.7185    0.5152   0.05352   0.01216   0.01705
   139/299     39.4G   0.03224  0.003639  0.005339   0.04121         5       640    0.6204    0.7397    0.6989    0.5034   0.05331   0.01215   0.01829
   140/299     39.4G   0.03123  0.003533   0.00524      0.04         4       640    0.6643    0.6913    0.7089    0.5202   0.05451   0.01195    0.0177
   141/299     39.4G   0.03105  0.003505  0.005097   0.03966         4       640     0.652     0.712    0.7026    0.5101     0.054   0.01205   0.01848
   142/299     39.4G   0.02992  0.003456  0.005212   0.03859         4       640    0.6726    0.7368    0.7224    0.5188   0.05347   0.01233   0.01751
   143/299     39.4G   0.03048  0.003486  0.005087   0.03905         7       640    0.6778    0.7412    0.6962    0.5029   0.05539   0.01265   0.01745
   144/299     39.4G   0.03106  0.003454   0.00508   0.03959         4       640    0.6968    0.7117    0.7212    0.5208   0.05519   0.01256   0.01729
   145/299     39.4G    0.0321   0.00343   0.00514   0.04067         4       640      0.65    0.7511    0.7136    0.5085   0.05413   0.01222    0.0172
   146/299     39.4G   0.03093  0.003451  0.005159   0.03954         4       640    0.6762    0.6745     0.709    0.5123   0.05277   0.01262   0.01778
   147/299     39.4G   0.02972  0.003576   0.00516   0.03846         3       640    0.7076    0.6942    0.7297    0.5303   0.05378   0.01219   0.01725
   148/299     39.4G   0.02938  0.003504  0.004112     0.037         3       640    0.6438    0.7492    0.7074    0.5148   0.05182    0.0124   0.01808
   149/299     39.4G   0.02906  0.003474  0.004991   0.03752         3       640    0.6301    0.7358    0.6996    0.5032   0.05152   0.01225   0.01791
   150/299     39.4G   0.03099  0.003468  0.004644    0.0391         8       640    0.6696     0.707    0.6893    0.4952   0.05362   0.01232   0.01805
   151/299     39.4G   0.03049   0.00338  0.005602   0.03948         2       640    0.6895    0.7276    0.7151    0.5115   0.05306   0.01233   0.01776
   152/299     39.4G   0.02937  0.003278  0.004684   0.03733         2       640    0.6591     0.698    0.6869    0.4904    0.0535   0.01225   0.01949
   153/299     39.4G   0.02994  0.003378  0.004877    0.0382         3       640    0.6314    0.7423    0.6944    0.5021   0.05383   0.01262   0.01951
   154/299     39.4G   0.02991  0.003326  0.004585   0.03782         4       640    0.6907     0.699    0.6962    0.5014   0.05414   0.01285   0.01849
   155/299     39.4G   0.03123  0.003314  0.004599   0.03915         2       640    0.6846     0.724    0.7153     0.513   0.05386   0.01251   0.01754
   156/299     39.4G   0.02915  0.003384  0.004146   0.03668         4       640    0.6969    0.6816     0.705    0.5031   0.05427   0.01245   0.01791
   157/299     39.4G   0.02841  0.003373  0.004684   0.03647         4       640    0.6498    0.7077    0.6735    0.4796   0.05442   0.01266   0.01868
   158/299     39.4G   0.02973  0.003398   0.00412   0.03725         6       640    0.6184    0.7157    0.6658    0.4723   0.05478   0.01272   0.01857
   159/299     39.4G   0.02703  0.003413  0.003703   0.03414         2       640    0.6135    0.7667    0.6791    0.4824   0.05517   0.01276   0.01808
   160/299     39.4G   0.03072   0.00334  0.004184   0.03825         3       640     0.668    0.7272    0.7026    0.5036   0.05515   0.01287   0.01821
   161/299     39.4G   0.02927   0.00332   0.00486   0.03745         3       640    0.6643    0.7192    0.6856    0.4856   0.05385   0.01266   0.01908
   162/299     39.4G   0.02903  0.003347  0.004924    0.0373         6       640    0.6678    0.7086    0.6946    0.4931   0.05409   0.01273   0.01845
   163/299     39.4G   0.03015  0.003432  0.004245   0.03782         4       640    0.6074    0.7588    0.6857    0.4849   0.05311   0.01285   0.01895
   164/299     39.4G    0.0293   0.00335   0.00478   0.03743         2       640     0.642    0.7342    0.7036       0.5   0.05363   0.01316   0.01817
   165/299     39.4G    0.0303  0.003389  0.004635   0.03833         2       640    0.6239    0.7516    0.6945    0.4925   0.05373   0.01311   0.01826
   166/299     39.4G    0.0299  0.003317  0.004364   0.03758         1       640    0.6749    0.7337    0.7024    0.4953   0.05145   0.01297   0.01781
   167/299     39.4G   0.02835  0.003368  0.004077   0.03579         7       640    0.6346    0.7396    0.6972    0.4947   0.05292    0.0129   0.01788
   168/299     39.4G   0.02882  0.003316  0.004009   0.03615         3       640    0.6749    0.7159       0.7    0.4985   0.05467   0.01279   0.01783
   169/299     39.4G   0.02848  0.003378  0.003732   0.03559         7       640     0.676    0.6884    0.6993    0.5026   0.05431   0.01282   0.01799
   170/299     39.4G   0.02891  0.003359  0.003964   0.03624         4       640    0.6728    0.7148       0.7    0.5038    0.0535    0.0129    0.0186
   171/299     39.4G   0.02877  0.003284  0.004194   0.03625         5       640    0.6839    0.7049    0.7135    0.5111   0.05284   0.01314   0.01811
   172/299     39.4G   0.02773   0.00334  0.003963   0.03503         8       640    0.6636    0.6981    0.6832    0.4897   0.05321   0.01303   0.01914
   173/299     39.4G   0.02704  0.003391  0.003566     0.034        12       640    0.6291    0.7672    0.7032    0.5002   0.05468   0.01306   0.01862
   174/299     39.4G    0.0297   0.00326  0.003748   0.03671         6       640    0.6422    0.7456    0.6968    0.5007   0.05405   0.01303   0.01888
   175/299     39.4G   0.02924  0.003437   0.00453   0.03721         7       640    0.6643    0.7457    0.7003    0.5021   0.05389   0.01309   0.01902
   176/299     39.4G   0.02923  0.003355   0.00458   0.03716        10       640    0.6563    0.7192    0.6743    0.4836   0.05403   0.01312   0.01909
   177/299     39.4G   0.02857  0.003326  0.003938   0.03583         1       640    0.6762    0.6986    0.6759    0.4857   0.05471   0.01297    0.0183
   178/299     39.4G   0.02843  0.003401  0.003969    0.0358         3       640    0.6278    0.7423    0.6641    0.4739   0.05391   0.01303   0.01895
   179/299     39.4G   0.02902  0.003172  0.004304    0.0365         3       640    0.6558    0.7004    0.6755    0.4818   0.05272   0.01343   0.01944
   180/299     39.4G   0.02865  0.003327  0.003603   0.03558         3       640    0.6764    0.7048    0.6823    0.4929   0.05314   0.01313   0.01885
   181/299     39.4G   0.03071  0.003235  0.003916   0.03786         5       640    0.6774    0.7172     0.689    0.4931   0.05302   0.01323   0.01848
   182/299     39.4G   0.02949   0.00323  0.003936   0.03665         4       640    0.6778    0.7157    0.6881    0.4903   0.05389   0.01335   0.01856
   183/299     39.4G   0.02789  0.003262  0.004134   0.03528         5       640    0.6624    0.7256      0.69    0.4961   0.05424   0.01305   0.01876
   184/299     39.4G   0.02792  0.003184  0.003973   0.03508         3       640    0.7188    0.7061    0.6986    0.5033   0.05326   0.01309   0.01785
   185/299     39.4G   0.02836  0.003208  0.003846   0.03541         4       640     0.693    0.7327    0.7025    0.5087   0.05444   0.01299   0.01781
   186/299     39.4G   0.02865   0.00333  0.003566   0.03555         5       640    0.6527    0.7389    0.6976    0.5068   0.05446   0.01308   0.01793
   187/299     39.4G   0.02862  0.003266  0.004113   0.03599         5       640    0.6697    0.7328    0.7033    0.5113   0.05353   0.01299   0.01744
   188/299     39.4G   0.02873  0.003236  0.003476   0.03545         6       640    0.6862    0.7369       0.7    0.5075   0.05306   0.01314   0.01797
   189/299     39.4G   0.02853  0.003233  0.003531   0.03529         7       640     0.704    0.7049    0.6979    0.5071    0.0528   0.01319   0.01861
   190/299     39.4G   0.02793  0.003308  0.004046   0.03528         2       640    0.6629    0.7247    0.6883    0.4968   0.05223   0.01318   0.01846
   191/299     39.4G   0.02865  0.003248  0.003469   0.03537         4       640    0.6601    0.7571     0.699    0.5011   0.05192   0.01337   0.01826
   192/299     39.4G    0.0272  0.003287  0.003686   0.03417         6       640    0.6679    0.7187    0.6853     0.494   0.05174   0.01343   0.01858
   193/299     39.4G   0.02799  0.003256  0.003716   0.03496        10       640    0.6946     0.715    0.6925    0.4929   0.05124   0.01338   0.01769
   194/299     39.4G   0.02713  0.003119  0.003535   0.03378         4       640    0.6732    0.7059    0.6807    0.4863   0.05006   0.01353   0.01885
   195/299     39.4G   0.02871  0.003165  0.003246   0.03512         6       640    0.6398    0.7508    0.6787    0.4876    0.0509    0.0137   0.01868
   196/299     39.4G   0.03012  0.003221  0.004473   0.03782         7       640    0.6983    0.7083    0.6746    0.4808   0.05169   0.01359   0.01922
   197/299     39.4G   0.02716   0.00318  0.004155   0.03449         5       640    0.6454    0.7466    0.6831    0.4895   0.05178    0.0136   0.01925
   198/299     39.4G   0.02751  0.003156  0.003512   0.03418         3       640    0.6447    0.7549    0.6878    0.4953   0.05093   0.01359     0.019
   199/299     39.4G   0.02619  0.003177   0.00315   0.03252         6       640    0.6634    0.7353    0.6834    0.4899   0.05114   0.01374   0.01902
   200/299     39.4G   0.02682  0.003151  0.003714   0.03369         5       640    0.6801    0.7281    0.6879     0.491   0.05224   0.01367   0.01876
   201/299     39.4G   0.02713  0.003171  0.003513   0.03381         5       640    0.6788    0.7178    0.6862    0.4892   0.05247   0.01362   0.01843
   202/299     39.4G   0.02613  0.003162  0.003476   0.03277         5       640    0.6532     0.736    0.6869    0.4935   0.05203   0.01374   0.01888
   203/299     39.4G   0.02887  0.003274  0.003837   0.03598         4       640    0.6873    0.7099     0.689    0.4915   0.05223   0.01371   0.01917
   204/299     39.4G   0.02565  0.003141  0.003924   0.03271         6       640     0.682    0.7251    0.6945    0.4925   0.05202    0.0137   0.01912
   205/299     39.4G   0.02784  0.003124  0.003406   0.03437         3       640    0.6932    0.7167    0.6985    0.4974   0.05252   0.01359   0.01913
   206/299     39.4G   0.02675   0.00309  0.003461    0.0333         2       640    0.7449    0.6831    0.7009    0.5004   0.05185   0.01358   0.01912
   207/299     39.4G   0.02838  0.003073  0.003571   0.03502         4       640    0.7101    0.7144    0.6977    0.4987   0.05179   0.01376   0.01921
   208/299     39.4G   0.02674   0.00313  0.003531    0.0334         7       640    0.6962    0.7347    0.7022    0.5026   0.05124   0.01388   0.01946
   209/299     39.4G    0.0256  0.003134  0.003397   0.03213         4       640    0.6763    0.7509    0.6926     0.491   0.05209   0.01384    0.0193
   210/299     39.4G   0.02656  0.003112  0.003727    0.0334         7       640    0.6777    0.7277     0.677    0.4807    0.0525   0.01375   0.01953
   211/299     39.4G   0.02842  0.003027   0.00364   0.03508         2       640    0.6651    0.7266    0.6755    0.4824   0.05253   0.01382   0.01909
   212/299     39.4G   0.02781  0.003049  0.004026   0.03488         2       640    0.6922    0.7389    0.6953    0.4945   0.05227   0.01386   0.01824
   213/299     39.4G    0.0262  0.003149  0.004396   0.03374         6       640    0.6825    0.7375    0.6973    0.4967   0.05164   0.01382   0.01828
   214/299     39.4G    0.0256  0.003128  0.003368   0.03209         5       640     0.676     0.742    0.6981    0.4953   0.05146   0.01375   0.01811
   215/299     39.4G   0.02652  0.003186   0.00388   0.03359         2       640     0.654     0.758    0.6877    0.4923   0.05182   0.01374    0.0186
   216/299     39.4G    0.0252   0.00308  0.003422    0.0317         3       640    0.6539    0.7315    0.6823    0.4841   0.05158   0.01389   0.01864
   217/299     39.4G   0.02701  0.003092  0.003636   0.03374         6       640    0.6529    0.7346    0.6811    0.4841   0.05229     0.014   0.01869
   218/299     39.4G   0.02588  0.003079  0.003265   0.03223         3       640    0.6667    0.7155    0.6816    0.4877   0.05204     0.014   0.01882
   219/299     39.4G   0.02632  0.003089  0.003168   0.03257         3       640    0.7085    0.6786    0.6826    0.4868   0.05173     0.014   0.01863
   220/299     39.4G   0.02608  0.003124  0.003388   0.03259         6       640    0.6425    0.7484    0.6761    0.4833   0.05169   0.01397   0.01886
   221/299     39.4G   0.02716   0.00311   0.00306   0.03333         3       640    0.6449    0.7272    0.6728    0.4794   0.05197   0.01398   0.01887
   222/299     39.4G   0.02624  0.003033  0.003561   0.03284         3       640    0.6426     0.754    0.6797    0.4793   0.05215   0.01399   0.01866
   223/299     39.4G   0.02604  0.003046  0.002647   0.03173         3       640    0.6349    0.7749    0.6849    0.4872    0.0521   0.01401   0.01841
   224/299     39.4G   0.02621  0.003116  0.002875    0.0322         6       640    0.6525    0.7546    0.6906    0.4939   0.05207   0.01401   0.01851
   225/299     39.4G   0.02622  0.002957  0.002758   0.03193         4       640     0.687    0.7207    0.6864    0.4881    0.0515   0.01394   0.01874
   226/299     39.4G   0.02567  0.002984  0.003326   0.03198         2       640    0.6774    0.7461     0.689    0.4899   0.05136     0.014   0.01871
   227/299     39.4G   0.02706  0.003047  0.003858   0.03396         3       640    0.6773    0.7245    0.6896    0.4907   0.05099   0.01405   0.01889
   228/299     39.4G   0.02565  0.003091  0.003014   0.03175         3       640    0.6618    0.7358     0.687    0.4899   0.05121    0.0142   0.01877
   229/299     39.4G   0.02535  0.003049  0.002707   0.03111         2       640    0.6676    0.7466    0.6853    0.4869   0.05171   0.01426   0.01903
   230/299     39.4G   0.02572  0.003045  0.002633    0.0314         4       640    0.6771    0.7411    0.6841    0.4856   0.05148   0.01425   0.01922
   231/299     39.4G   0.02536  0.002955  0.002656   0.03097         5       640    0.6828    0.7224    0.6794     0.484   0.05102   0.01412   0.01957
   232/299     39.4G   0.02573  0.002894  0.003165   0.03179         4       640    0.6549    0.7696    0.6783    0.4797   0.05076   0.01418    0.0193
   233/299     39.4G   0.02542  0.003002  0.002562   0.03098         3       640    0.6759    0.7559    0.6782    0.4799   0.04992   0.01435   0.01916
   234/299     39.4G   0.02513  0.003055  0.002668   0.03085         3       640    0.6845    0.7555    0.6738     0.477   0.04937   0.01429   0.01962
   235/299     39.4G   0.02626  0.002999  0.003392   0.03265         3       640     0.672     0.738    0.6753    0.4781    0.0498   0.01426   0.01968
   236/299     39.4G   0.02469  0.003115  0.002638   0.03044         4       640    0.6783    0.7215     0.676      0.48   0.05005   0.01426   0.01967
   237/299     39.4G   0.02552  0.002969  0.002487   0.03097         2       640     0.673    0.7296    0.6734    0.4761    0.0502   0.01435   0.01973
   238/299     39.4G    0.0244  0.003071  0.002947   0.03042         5       640    0.6739    0.7195    0.6696     0.477   0.05016   0.01442   0.01982
   239/299     39.4G     0.026  0.003001  0.003171   0.03218         3       640    0.6896    0.7216    0.6732    0.4787   0.05016   0.01444   0.01969
   240/299     39.4G   0.02297  0.002951  0.002874    0.0288         5       640    0.6958    0.7175    0.6779    0.4826    0.0503   0.01431   0.01975
   241/299     39.4G   0.02453  0.002989  0.003003   0.03053         3       640    0.6756    0.7346    0.6757      0.48   0.05042   0.01432   0.01973
   242/299     39.4G   0.02592  0.003004  0.002929   0.03185         3       640    0.6905    0.7184    0.6805    0.4828   0.05061   0.01436   0.01976
   243/299     39.4G   0.02562  0.003058  0.003154   0.03183         5       640    0.6762    0.7511    0.6815    0.4845   0.05081   0.01441   0.01963
   244/299     39.4G   0.02489  0.002797  0.002789   0.03048         2       640    0.6758    0.7515    0.6813    0.4828    0.0512   0.01444   0.01932
   245/299     39.4G   0.02498  0.002956   0.00275   0.03069         3       640    0.6794    0.7329    0.6826    0.4857   0.05142   0.01452   0.01945
   246/299     39.4G   0.02332  0.002982  0.002853   0.02916         4       640    0.6999    0.7127     0.681    0.4837   0.05142   0.01454   0.01961
   247/299     39.4G   0.02369   0.00291  0.002105   0.02871         4       640    0.6935    0.7194    0.6873    0.4877   0.05121   0.01453   0.01956
   248/299     39.4G   0.02427  0.002923  0.002798   0.02999         4       640    0.7085    0.7032    0.6873    0.4883   0.05103   0.01454   0.01939
   249/299     39.4G   0.02384  0.002947  0.002424   0.02921         4       640    0.6862    0.7138    0.6874    0.4872   0.05082   0.01453    0.0192
   250/299     39.4G   0.02417  0.002944  0.002567   0.02968         2       640    0.6832    0.7177    0.6839    0.4833   0.05076   0.01453   0.01913
   251/299     39.4G   0.02353  0.002991  0.002882    0.0294         2       640    0.6649    0.7349      0.68    0.4812   0.05081    0.0145   0.01935
   252/299     39.4G   0.02556  0.003013  0.002545   0.03112         3       640    0.6483    0.7461    0.6797    0.4816   0.05051   0.01461   0.01923
   253/299     39.4G   0.02432   0.00286  0.002552   0.02973         2       640    0.6809    0.7089     0.683    0.4858    0.0506    0.0147   0.01896
   254/299     39.4G   0.02335  0.002922  0.002049   0.02832         4       640    0.6661    0.7222    0.6828    0.4851   0.05069   0.01473    0.0189
   255/299     39.4G   0.02511  0.002914  0.002671   0.03069         4       640    0.6797    0.7143    0.6856     0.487   0.05081   0.01478   0.01896
   256/299     39.4G   0.02352  0.002902   0.00309   0.02951         6       640    0.6634    0.7306    0.6822    0.4836   0.05083   0.01483   0.01916
   257/299     39.4G   0.02458  0.002899  0.003052   0.03053         5       640    0.6693     0.734    0.6845    0.4835   0.05075   0.01476    0.0192
   258/299     39.4G     0.024  0.002916  0.002704   0.02962         5       640    0.6819    0.7227    0.6864    0.4834   0.05068   0.01471   0.01924
   259/299     39.4G   0.02487  0.003024  0.002665   0.03056         4       640    0.6575    0.7441    0.6876    0.4848    0.0507   0.01467   0.01913
   260/299     39.4G   0.02519  0.002925  0.003078   0.03119         6       640    0.6646    0.7324    0.6893    0.4859   0.05094   0.01469   0.01928
   261/299     39.4G   0.02405  0.002856  0.002502   0.02941         4       640    0.6736    0.7228    0.6879    0.4861   0.05087   0.01469   0.01934
   262/299     39.4G   0.02384  0.002837  0.002318   0.02899         2       640    0.6809    0.7173    0.6909    0.4896   0.05085   0.01468   0.01949
   263/299     39.4G   0.02511  0.002859  0.003049   0.03102         5       640    0.6785    0.7194    0.6916     0.492    0.0506   0.01473   0.01939
   264/299     39.4G   0.02305  0.002962  0.002678   0.02869         3       640    0.6753    0.7295    0.6894    0.4927   0.05046   0.01474   0.01933
   265/299     39.4G   0.02402  0.002886  0.002625   0.02953         4       640    0.6886    0.7216    0.6933    0.4946   0.05026   0.01476   0.01927
   266/299     39.4G   0.02422  0.002983  0.002486   0.02969         4       640    0.6743    0.7417    0.6898    0.4924   0.05049   0.01477   0.01918
   267/299     39.4G   0.02292  0.002848  0.002426   0.02819         3       640    0.6796    0.7455     0.691    0.4907   0.05061    0.0148   0.01922
   268/299     39.4G   0.02358  0.002903  0.002551   0.02903         4       640    0.6776    0.7356    0.6902    0.4902   0.05078   0.01485   0.01938
   269/299     39.4G   0.02207  0.002885  0.001969   0.02693         5       640    0.6787    0.7352    0.6908    0.4897    0.0508   0.01483    0.0196
   270/299     39.4G    0.0229  0.002826  0.002535   0.02826         3       640    0.6926    0.7347    0.6851    0.4857   0.05087   0.01481   0.01967
   271/299     39.4G   0.02468  0.002917  0.002645   0.03024         4       640    0.7002    0.7265    0.6838     0.485   0.05103   0.01485   0.01977
   272/299     39.4G   0.02313  0.002913   0.00246   0.02851         5       640    0.6901    0.7375    0.6878    0.4879   0.05097   0.01485   0.01987
   273/299     39.4G   0.02406  0.002891  0.002984   0.02994         3       640    0.7012    0.7291     0.687    0.4874   0.05074   0.01481   0.01989
   274/299     39.4G   0.02581  0.002934  0.003072   0.03182         7       640    0.6922     0.734    0.6856    0.4845   0.05075   0.01484   0.01996
   275/299     39.4G   0.02368  0.002812  0.002817   0.02931         5       640    0.6877    0.7323     0.683    0.4822   0.05061   0.01484   0.02008
   276/299     39.4G   0.02438  0.002913  0.002377   0.02967         6       640    0.6807    0.7365    0.6805    0.4817   0.05083    0.0148   0.02025
   277/299     39.4G   0.02385  0.002879  0.002981   0.02971         9       640    0.6844    0.7321    0.6815    0.4804   0.05085   0.01481    0.0204
   278/299     39.4G   0.02391  0.002883  0.002545   0.02933         4       640    0.6771    0.7273    0.6744    0.4755   0.05082   0.01481   0.02057
   279/299     39.4G   0.02425  0.002821   0.00216   0.02923         3       640    0.6793    0.7245     0.676    0.4772   0.05061   0.01482   0.02047
   280/299     39.4G   0.02481  0.002905  0.002588    0.0303         3       640    0.6781    0.7295    0.6794    0.4787   0.05054   0.01482   0.02032
   281/299     39.4G   0.02321  0.002848  0.002468   0.02853         6       640    0.6798    0.7278    0.6753    0.4763    0.0506   0.01488   0.02052
   282/299     39.4G   0.02362  0.002937   0.00221   0.02876         7       640    0.6737    0.7335    0.6702    0.4726   0.05075   0.01485   0.02062
   283/299     39.4G   0.02338  0.002913  0.002032   0.02833         5       640    0.6818    0.7177    0.6683    0.4706   0.05099   0.01485   0.02077
   284/299     39.4G   0.02337   0.00284  0.002265   0.02847         3       640    0.6751    0.7238    0.6666    0.4672   0.05129   0.01488   0.02085
   285/299     39.4G   0.02367  0.002817  0.002588   0.02908         3       640    0.6596    0.7418    0.6669    0.4704   0.05139   0.01491   0.02076
   286/299     39.4G   0.02325  0.002863  0.002271   0.02839         4       640    0.6618    0.7362    0.6663    0.4698   0.05149   0.01491   0.02068
   287/299     39.4G   0.02338  0.002834  0.003641   0.02985         4       640     0.663    0.7336    0.6674    0.4707    0.0517   0.01492   0.02065
   288/299     39.4G   0.02407  0.002813  0.003443   0.03032         4       640    0.6765    0.7272    0.6688    0.4705    0.0518   0.01492   0.02064
   289/299     39.4G   0.02362  0.002848  0.002594   0.02906         6       640    0.6885    0.7262    0.6705    0.4704   0.05178   0.01492   0.02062
   290/299     39.4G   0.02403  0.002861  0.002404    0.0293         4       640    0.6916    0.7205    0.6714    0.4715   0.05189   0.01494    0.0206
   291/299     39.4G   0.02413  0.002821  0.003095   0.03005         4       640    0.6806    0.7303    0.6701    0.4714    0.0519   0.01498   0.02068
   292/299     39.4G    0.0239  0.002853  0.002179   0.02893         6       640    0.6659     0.747    0.6662    0.4699   0.05193     0.015   0.02075
   293/299     39.4G   0.02406  0.002881  0.002597   0.02954         7       640    0.6799    0.7364    0.6661    0.4697   0.05183   0.01498   0.02067
   294/299     39.4G   0.02187  0.002808  0.001764   0.02644         2       640    0.6874    0.7229    0.6661    0.4691   0.05187   0.01494   0.02071
   295/299     39.4G   0.02307    0.0028  0.002235   0.02811         4       640     0.674    0.7363    0.6652     0.468   0.05187   0.01493   0.02085
   296/299     39.4G   0.02295   0.00287   0.00219   0.02801         3       640    0.6822     0.729    0.6685    0.4677    0.0518   0.01493   0.02086
   297/299     39.4G   0.02314  0.002861   0.00263   0.02863         6       640      0.68    0.7301    0.6704    0.4696   0.05181   0.01494   0.02068
   298/299     39.4G   0.02432   0.00282  0.002673   0.02982         2       640    0.6793    0.7333    0.6732    0.4727   0.05165   0.01493   0.02064
   299/299     39.4G   0.02294  0.002817  0.002505   0.02827         4       640    0.6876    0.7193    0.6719    0.4725   0.05163   0.01494   0.02066
